# Material parameters:
Ms=477e3
L=200e-9
Ly=50e-9
Lz=5e-9
Aex=1.05e-11
alpha=0.02

Nwires=1
#Energy profile
a0=0 #2.21117e-21
a1=0 #-3.8271e-15
a2=-3.2866e-6
a3=0 #0.61164
a4=2.632e8
a5=0
a6=0
a7=0
a8=0

# Field's parameters:
H=800 #A/m
f=500e6

# Simulation's parameters:
Dt=1e-12
totaltime=20e-9
out_time=0.1e-9
integrator=RK4

#Pinning field:
pin=0
program=Potential
#program=Bifurcation

